   0.0   1.0   0.043    0.0020
   2.0   3.0   0.062    0.0020
   4.0   5.0   0.07     0.0020
   6.0   7.0   0.067    0.0020
   8.0   9.0   0.058    0.0020
  10.0  11.0   0.045    0.0020
  12.0  13.0   0.035    0.0020
  14.0  15.0   0.029    0.0010
  16.0  17.0   0.023    0.0010
  18.0  19.0   0.017    0.0010
  20.0  21.0   0.013    9.0E-4
  22.0  23.0   0.0101   8.0E-4
  24.0  25.0   0.0076   7.0E-4
  26.0  27.0   0.0054   6.0E-4
  28.0  29.0   0.0039   5.0E-4
  30.0  31.0   0.0029   4.0E-4
  32.0  33.0   0.0021   4.0E-4
  34.0  35.0   0.0014   3.0E-4
  36.0  37.0   9.0E-4   2.0E-4
  38.0  39.0   6.0E-4   2.0E-4
  40.0  41.0   5.0E-4   2.0E-4
  42.0  43.0   5.0E-4   2.0E-4
  44.0  45.0   4.0E-4   2.0E-4
  46.0  47.0   2.0E-4   1.0E-4
  48.0  49.0   1.1E-4   8.0E-5
  50.0  53.0   6.0E-5   4.0E-5
  54.0  57.0   7.0E-5   5.0E-5
  58.0  61.0   4.0E-5   4.0E-5
  62.0  71.0   2.0E-5   1.0E-5
  