 0.       0.033   0.006  0.5
 1.       0.035   0.005     0.5
 2.       0.048   0.004     0.5
 3.       0.058   0.004     0.5
 4.       0.065   0.004     0.5
 5.       0.066   0.004     0.5
 6.       0.063   0.004     0.5
 7.       0.060   0.004     0.5
 8.       0.056   0.004     0.5
 9.       0.051   0.004     0.5
10.       0.046   0.004  0.5
11.       0.042   0.003     0.5
12.       0.038   0.003     0.5
13.       0.034   0.003     0.5
14.       0.031   0.003     0.5
15.       0.028   0.003     0.5
16.       0.025   0.003     0.5
17.       0.023   0.003     0.5
18.       0.021   0.002     0.5
19.       0.018   0.002     0.5
20.       0.017   0.002     0.5
21.       0.015   0.002     0.5
22.       0.014   0.002     0.5
23.       0.012   0.002     0.5
24.       0.011   0.002     0.5
25.       0.010   0.002     0.5
26.       0.009   0.002     0.5
27.       0.008   0.002     0.5
28.       0.007   0.001     0.5
29.       0.007   0.001     0.5
30.       0.006   0.001     0.5
31.       0.005   0.001     0.5
32.       0.005   0.001     0.5
33.       0.004   0.001     0.5
34.       0.004   0.001     0.5
35.       0.003   0.001     0.5
36.       0.0028  0.0009    0.5
37.       0.0025  0.0008  0.5
38.       0.0024  0.0008    0.5
39.       0.0019  0.0007    0.5
40.       0.0017  0.0007    0.5
41.       0.0014  0.0006    0.5
42.       0.0013  0.0006    0.5
43.       0.0011  0.0006  0.5
44.       0.0010  0.0005  0.5
45.       0.0009  0.0005  0.5
46.       0.0007  0.0005  0.5
47.5      0.0006  0.0003  1.0
49.5      0.0004  0.00025  1.0
52.       0.00027 0.00016  1.5
56.       0.0002  0.00013  2.5
67.       0.000044 0.000038  8.5
