   0.0    0.045    0.0060   0.5
   1.0    0.06     0.0050      0.5
   2.0    0.063    0.0050      0.5
   3.0    0.072    0.0060      0.5
   4.0    0.08     0.0060      0.5
   5.0    0.083    0.0060      0.5
   6.0    0.08     0.0060      0.5
   7.0    0.073    0.0060      0.5
   8.0    0.067    0.0050      0.5
   9.0    0.058    0.0050      0.5
  10.0    0.05     0.0050   0.5
  11.0    0.042    0.0040      0.5
  12.0    0.036    0.0040      0.5
  13.0    0.031    0.0040      0.5
  14.0    0.026    0.0030      0.5
  15.0    0.022    0.0030      0.5
  16.0    0.019    0.0030      0.5
  17.0    0.016    0.0030      0.5
  18.0    0.014    0.0020      0.5
  19.0    0.011    0.0020      0.5
  20.0    0.01     0.0020      0.5
  21.0    0.0080   0.0020      0.5
  22.0    0.0070   0.0020      0.5
  23.0    0.0060   0.0020      0.5
  24.0    0.0050   0.0010      0.5
  25.0    0.0040   0.0010      0.5
  26.0    0.0030   0.0010      0.5
  27.0    0.0020   0.0010      0.5
  28.0    0.0020   9.0E-4   0.5
  29.0    0.0015   8.0E-4      0.5
  30.0    0.0012   7.0E-4         0.5
  31.5    0.0008   4.5E-4  1.0
  39.0    0.00013  6.6E-5  6.0
